43371 Thiruvananthapuram Observations at 00Z 04 Mar 2023
-----------------------------------------------------------------------------
   PRES   HGHT   TEMP   DWPT   RELH   MIXR   DRCT   SKNT   THTA   THTE   THTV
    hPa     m      C      C      %    g/kg    deg   knot     K      K      K 
-----------------------------------------------------------------------------
  956.0     64   24.2   13.2     50  10.07    105      2  301.2  331.2  303.0
  928.0    323   21.8   11.8     53   9.45     97      4  301.3  329.5  303.0
  904.0    551   21.8   10.8     50   9.07     90      7  303.6  330.9  305.2
  877.0    813   19.0    9.0     52   8.28     82      9  303.3  328.3  304.8
  869.0    891   19.0    7.4     47   7.47     80     10  304.1  326.8  305.5
  846.0   1121   19.0    2.6     33   5.47    105     17  306.4  323.5  307.5
  820.0   1389   19.0   -3.0     22   3.76    114     22  309.2  321.2  309.9
  819.0   1400   17.8    0.8     32   4.98    114     22  308.0  323.7  309.0
  810.0   1494   17.4    8.4     55   8.61    118     24  308.6  335.1  310.2
  803.0   1567   16.9    8.2     57   8.56    120     25  308.8  335.2  310.4
  708.0   2628    8.8    5.1     78   7.84    112     20  311.2  335.7  312.7
  679.0   2974    8.4    3.0     69   7.02    110     18  314.4  336.8  315.8
  669.0   3097    8.2    2.2     66   6.75    103     16  315.6  337.2  316.9
  644.0   3408    5.5    0.0     68   5.99     85     12  316.0  335.3  317.1
  618.0   3746    2.6   -2.3     70   5.26    104     16  316.4  333.4  317.4
  596.0   4038    1.1   -3.4     72   5.00    120     20  318.0  334.3  318.9
  580.0   4257    0.0   -4.3     73   4.82    121     19  319.1  335.0  320.1
  557.0   4581   -0.7  -13.7     37   2.40    123     18  322.0  330.3  322.5
  539.0   4842   -2.7  -14.8     39   2.27    125     17  322.7  330.6  323.1
  537.0   4872   -2.9  -14.9     39   2.25    121     16  322.8  330.6  323.2
  518.0   5157   -2.7  -23.7     18   1.10     81      8  326.4  330.4  326.6
  508.0   5310   -4.0  -24.5     19   1.04     60      4  326.6  330.5  326.9
  474.0   5853   -8.5  -27.5     20   0.85                327.6  330.7  327.7
  410.0   6963  -15.1  -36.1     15   0.43                332.9  334.6  333.0
Station information and sounding indices
                             Station number: 43371
                           Observation time: 230304/0000
                           Station latitude: 8.48
                          Station longitude: 76.95
                          Station elevation: 64.0
                            Showalter index: 9.33
                               Lifted index: 6.19
    LIFT computed using virtual temperature: 5.83
                                    K index: 23.27
                         Cross totals index: 8.43
                      Vertical totals index: 24.01
                        Totals totals index: 32.44
      Convective Available Potential Energy: 0.00
             CAPE using virtual temperature: 0.00
                      Convective Inhibition: 0.00
             CINS using virtual temperature: 0.00
                     Bulk Richardson Number: 0.00
          Bulk Richardson Number using CAPV: 0.00
  Temp [K] of the Lifted Condensation Level: 282.71
Pres [hPa] of the Lifted Condensation Level: 795.29
   Equivalent potential temp [K] of the LCL: 330.19
     Mean mixed layer potential temperature: 301.85
              Mean mixed layer mixing ratio: 9.52
Precipitable water [mm] for entire sounding: 30.51

43371 Thiruvananthapuram Observations at 00Z 05 Mar 2023
-----------------------------------------------------------------------------
   PRES   HGHT   TEMP   DWPT   RELH   MIXR   DRCT   SKNT   THTA   THTE   THTV
    hPa     m      C      C      %    g/kg    deg   knot     K      K      K 
-----------------------------------------------------------------------------
 1006.0     64   25.6   22.7     84  17.61      0      0  298.2  349.6  301.4
 1004.0     81   26.4   17.4     58  12.61     30      1  299.2  336.2  301.5
 1000.0    116   26.4   17.4     58  12.66     90      2  299.6  336.8  301.8
  964.0    440   25.8   16.8     58  12.64     86      8  302.1  339.7  304.4
  955.0    522   25.0   16.7     60  12.65     85     10  302.1  339.7  304.4
  931.0    745   22.8   16.3     67  12.67    100     12  302.0  339.7  304.3
  925.0    802   22.2   16.2     69  12.68    100     13  302.0  339.7  304.3
  868.0   1350   18.1   14.2     78  11.84     85     12  303.3  338.7  305.5
  850.0   1531   16.8   13.5     81  11.57     95     12  303.7  338.4  305.8
  814.0   1899   14.2   11.3     83  10.43    106     19  304.8  336.2  306.7
  770.0   2365   12.6    8.5     76   9.15    120     29  307.9  335.9  309.6
  700.0   3165    9.8    3.8     66   7.23    105     17  313.3  336.2  314.7
  692.0   3261    9.8    3.8     66   7.32    105     16  314.3  337.5  315.7
  689.0   3296    9.5    3.7     67   7.27    105     15  314.4  337.5  315.8
  658.0   3674    6.8    2.1     72   6.84     70     11  315.5  337.3  316.8
  623.0   4123    3.5    0.4     80   6.35     95      6  316.7  337.1  317.9
  620.0   4163    3.2    0.2     81   6.30     92      6  316.8  337.1  318.0
  591.0   4550    1.0   -2.8     76   5.30     67      6  318.6  335.9  319.6
  574.0   4785    1.2   -9.8     44   3.18     52      6  321.5  332.3  322.1
  525.0   5496   -3.7  -13.7     46   2.54      6      6  323.9  332.7  324.4
  520.0   5571   -2.9  -22.9     20   1.17      1      6  325.8  330.0  326.0
  500.0   5880   -5.5  -24.5     21   1.06    340      6  326.3  330.1  326.5
  467.0   6410  -10.5  -23.5     34   1.24                326.5  331.0  326.7
  455.0   6611   -9.7  -32.7     13   0.54                329.9  332.0  330.0
  446.0   6765  -10.3  -39.3      7   0.29                331.1  332.2  331.1
Station information and sounding indices
                             Station number: 43371
                           Observation time: 230305/0000
                           Station latitude: 8.48
                          Station longitude: 76.95
                          Station elevation: 64.0
                            Showalter index: 2.06
                               Lifted index: 1.99
    LIFT computed using virtual temperature: 1.45
                                SWEAT index: 192.01
                                    K index: 29.80
                         Cross totals index: 19.00
                      Vertical totals index: 22.30
                        Totals totals index: 41.30
      Convective Available Potential Energy: 0.00
             CAPE using virtual temperature: 0.00
                      Convective Inhibition: 0.00
             CINS using virtual temperature: -315.28
 Equilibrum Level using virtual temperature: 466.48
             LFCT using virtual temperature: 468.72
                     Bulk Richardson Number: 0.00
          Bulk Richardson Number using CAPV: 0.00
  Temp [K] of the Lifted Condensation Level: 288.26
Pres [hPa] of the Lifted Condensation Level: 860.18
   Equivalent potential temp [K] of the LCL: 338.49
     Mean mixed layer potential temperature: 300.95
              Mean mixed layer mixing ratio: 12.74
              1000 hPa to 500 hPa thickness: 5764.00
Precipitable water [mm] for entire sounding: 44.38

43371 Thiruvananthapuram Observations at 00Z 06 Mar 2023
-----------------------------------------------------------------------------
   PRES   HGHT   TEMP   DWPT   RELH   MIXR   DRCT   SKNT   THTA   THTE   THTV
    hPa     m      C      C      %    g/kg    deg   knot     K      K      K 
-----------------------------------------------------------------------------
 1005.0     64   23.8   20.9     84  15.75      0      0  296.5  342.1  299.3
 1000.0    107   24.4   20.4     78  15.33      0      0  297.6  342.2  300.3
  981.0    276   27.4   18.4     58  13.77     42      8  302.2  343.1  304.7
  973.0    348   26.8   18.0     59  13.56     60     11  302.3  342.6  304.7
  925.0    793   22.8   15.8     65  12.35     65     11  302.6  339.4  304.9
  889.0   1137   19.8   14.8     73  12.08     75     10  302.9  339.0  305.1
  869.0   1334   18.0   14.3     79  11.93     57      7  303.1  338.7  305.2
  850.0   1523   17.2   13.9     81  11.88     40      4  304.1  339.8  306.3
  843.0   1593   16.8   13.4     80  11.56     30      4  304.4  339.2  306.5
  805.0   1986   14.4   10.4     77   9.92     95     11  305.9  336.0  307.8
  799.0   2049   14.0    9.9     76   9.67     98     12  306.2  335.6  307.9
  736.0   2741   12.9   -4.3     30   3.81    125     25  312.2  324.6  312.9
  732.0   2787   12.8   -5.2     28   3.56    124     25  312.6  324.2  313.3
  700.0   3160   10.0   -4.0     37   4.08    120     23  313.5  326.8  314.3
  683.0   3360    8.6   -4.1     41   4.16    130     23  314.1  327.6  314.9
  626.0   4070    3.5   -4.4     56   4.43     90      8  316.2  330.7  317.1
  577.0   4734   -1.3   -4.7     78   4.70     85     15  318.1  333.5  319.0
  574.0   4775   -1.0   -6.5     66   4.12     85     15  318.9  332.5  319.7
  566.0   4888   -0.3  -11.3     43   2.86     76     14  321.0  330.8  321.6
  541.0   5248   -1.1  -23.1     17   1.11     46     10  324.2  328.3  324.5
  500.0   5870   -6.7  -16.7     45   2.08    355      4  324.8  332.1  325.2
  496.0   5933   -7.1  -16.1     49   2.21    351      5  325.1  332.8  325.5
  469.0   6368   -8.8  -35.4     10   0.40    325     10  328.2  329.8  328.3
  467.0   6401   -8.9  -36.9      8   0.35    326     10  328.5  329.8  328.5
  451.0   6669  -11.0  -36.2     11   0.39    330     10  329.1  330.6  329.1
  439.0   6877  -12.7  -35.7     13   0.42    314     10  329.5  331.1  329.6
  419.0   7231  -15.5  -20.5     66   1.80    285     10  330.4  336.8  330.7
  412.0   7358  -16.6  -20.4     72   1.84    275     10  330.5  337.2  330.9
  400.0   7580  -18.5  -20.3     86   1.92    280     14  330.9  337.8  331.2
  399.0   7599  -18.5  -20.1     87   1.95                331.1  338.1  331.5
  390.0   7769  -19.7  -23.4     72   1.50                331.7  337.2  332.0
Station information and sounding indices
                             Station number: 43371
                           Observation time: 230306/0000
                           Station latitude: 8.48
                          Station longitude: 76.95
                          Station elevation: 64.0
                            Showalter index: 0.28
                               Lifted index: -0.69
    LIFT computed using virtual temperature: -1.15
                                SWEAT index: 178.80
                                    K index: 23.80
                         Cross totals index: 20.60
                      Vertical totals index: 23.90
                        Totals totals index: 44.50
      Convective Available Potential Energy: 75.15
             CAPE using virtual temperature: 128.59
                      Convective Inhibition: -171.76
             CINS using virtual temperature: -102.21
                   Level of Free Convection: 634.63
             LFCT using virtual temperature: 663.13
                     Bulk Richardson Number: 12.89
          Bulk Richardson Number using CAPV: 22.06
  Temp [K] of the Lifted Condensation Level: 289.97
Pres [hPa] of the Lifted Condensation Level: 877.63
   Equivalent potential temp [K] of the LCL: 342.11
     Mean mixed layer potential temperature: 301.01
              Mean mixed layer mixing ratio: 13.97
              1000 hPa to 500 hPa thickness: 5763.00
Precipitable water [mm] for entire sounding: 40.04

43371 Thiruvananthapuram Observations at 00Z 07 Mar 2023
-----------------------------------------------------------------------------
   PRES   HGHT   TEMP   DWPT   RELH   MIXR   DRCT   SKNT   THTA   THTE   THTV
    hPa     m      C      C      %    g/kg    deg   knot     K      K      K 
-----------------------------------------------------------------------------
 1004.0     64   24.8   22.1     85  17.00    290      2  297.6  347.1  300.6
 1000.0    102   24.8   21.3     81  16.23     60      4  297.9  345.2  300.8
  962.0    443   25.0   15.0     54  11.26     65      4  301.5  335.0  303.5
  925.0    785   21.8   13.8     60  10.83     70      3  301.6  333.8  303.6
  886.0   1157   18.8   13.8     73  11.32     70      4  302.2  335.9  304.3
  850.0   1513   17.2   11.2     68   9.92     70      5  304.1  334.1  306.0
  815.0   1872   16.2    6.2     52   7.35     79      7  306.8  329.4  308.1
  740.0   2681   11.0   -3.6     36   3.96    100     13  309.7  322.4  310.4
  710.0   3028    8.8   -7.9     30   2.99     75     10  310.9  320.7  311.5
  705.0   3087    8.4   -8.6     29   2.85     83     11  311.1  320.4  311.7
  701.0   3134    8.6  -10.8     24   2.40     90     11  311.8  319.8  312.3
  700.0   3146    8.6  -11.4     23   2.30     90     11  312.0  319.6  312.4
  680.0   3385    7.9  -15.4     17   1.71     85     14  313.8  319.6  314.1
  676.0   3433    7.8  -16.2     16   1.61     82     13  314.2  319.7  314.5
  672.0   3482    8.4   -5.6     37   3.77     79     13  315.4  327.8  316.1
  659.0   3641    7.2   -6.1     38   3.70     70     10  315.8  328.0  316.5
  619.0   4152    3.2   -7.6     45   3.50     80     10  317.0  328.6  317.6
  605.0   4338    1.8   -8.2     47   3.42     77     10  317.4  328.8  318.1
  577.0   4715   -0.2  -12.8     38   2.49     70     10  319.4  327.9  319.9
  549.0   5111   -2.3  -17.6     30   1.76     30     14  321.5  327.7  321.9
  530.0   5392   -3.7  -21.0     25   1.36     30     10  323.0  327.8  323.2
  523.0   5498   -4.3  -22.3     23   1.23     18      8  323.6  328.0  323.8
  510.0   5695   -5.5  -17.4     39   1.93    355      5  324.4  331.2  324.8
  500.0   5850   -6.5  -13.5     58   2.71    325      6  325.1  334.4  325.6
  489.0   6024   -7.7  -12.0     71   3.13    304      9  325.6  336.4  326.3
  484.0   6104   -8.1  -12.6     70   3.03    295     10  326.1  336.6  326.7
  446.0   6738  -11.4  -17.0     63   2.27    295     20  329.7  337.8  330.1
  434.0   6949  -12.5  -18.5     61   2.06    305     18  330.9  338.2  331.3
  428.0   7055  -13.3  -19.0     62   2.00    310     17  331.1  338.3  331.5
  400.0   7570  -17.3  -21.6     69   1.71    265     14  332.4  338.6  332.8
  376.0   8026  -20.8  -24.5     72   1.41    250     13  333.8  339.0  334.1
  363.0   8285  -22.7  -26.1     74   1.26    210     10  334.5  339.2  334.8
  343.0   8702  -25.9  -28.7     77   1.05    198     14  335.7  339.6  335.9
  338.0   8807  -26.5  -30.2     71   0.92    195     15  336.2  339.7  336.4
  320.0   9199  -28.9  -36.0     51   0.56    215     16  338.2  340.4  338.3
  300.0   9660  -31.7  -42.7     33   0.30    200     20  340.6  341.8  340.6
  297.0   9731  -32.1  -43.1     33   0.29    200     20  340.9  342.1  341.0
  292.0   9851  -32.9  -43.9     32   0.27    211     20  341.5  342.6  341.6
  271.0  10365  -37.7  -47.3     36   0.20    260     19  341.9  342.7  341.9
  250.0  10920  -42.9  -50.9     41   0.14    270     20  342.1  342.8  342.2
  209.0  12098  -52.5  -61.5     33   0.05    298     34  345.1  345.3  345.1
  200.0  12380  -54.1  -63.1     32   0.04    305     38  346.9  347.1  346.9
  196.0  12510  -54.6  -64.4     29   0.03    305     42  348.2  348.3  348.2
  195.0  12543  -54.7  -64.7     28   0.03    306     40  348.5  348.6  348.5
  185.0  12882  -53.5  -66.5     19   0.03    319     22  355.7  355.9  355.7
  184.0  12916  -53.8  -66.9     19   0.03    320     20  355.8  355.9  355.8
  169.0  13450  -58.6  -73.3     13   0.01    265      9  356.6  356.6  356.6
  158.0  13873  -62.4  -78.4     10   0.01    230     12  357.1  357.1  357.1
  154.0  14035  -63.8  -80.3      9   0.00    230     14  357.2  357.3  357.2
  150.0  14200  -65.3  -82.3      8   0.00    235     14  357.4  357.4  357.4
  146.0  14364  -66.7  -84.7      6   0.00    244     15  357.7  357.8  357.7
  124.0  15332  -72.6  -96.5      2   0.00    295     24  364.1  364.1  364.1
  117.0  15676  -74.7 -100.7      1   0.00    308     16  366.3  366.3  366.3
  108.0  16137  -76.6 -102.1      1   0.00    325      6  371.1  371.2  371.1
  103.0  16410  -77.8 -103.0      1   0.00     25     13  374.0  374.0  374.0
  100.0  16580  -78.5 -103.5      1   0.00     35     18  375.8  375.8  375.8
   93.3  16973  -80.7 -104.7      1   0.00     30     20  379.0  379.0  379.0
   93.0  16991  -80.6 -104.6      1   0.00     30     20  379.5  379.5  379.5
   88.6  17265  -79.5 -103.5      1   0.00     62     23  387.0  387.0  387.0
   85.0  17499  -80.5 -104.5      1   0.00     90     25  389.6  389.6  389.6
   79.1  17904  -82.3 -106.3      1   0.00    105     21  394.0  394.0  394.0
   77.0  18055  -81.9 -105.9      1   0.00    110     19  398.0  398.0  398.0
   73.0  18354  -81.0 -105.0      1   0.00    100     17  405.9  405.9  405.9
   71.0  18510  -80.5 -104.5      1   0.00     75     15  410.1  410.1  410.1
   70.0  18590  -80.3 -104.3      1   0.00     75     17  412.3  412.3  412.3
   69.3  18647  -79.9 -103.9      1   0.00     80     19  414.3  414.3  414.3
   68.0  18756  -78.7 -103.0      1   0.00     90     22  419.2  419.2  419.2
   64.0  19105  -74.7 -100.1      1   0.00    140     10  435.3  435.3  435.3
   63.0  19196  -73.7  -99.3      1   0.00      0      0  439.5  439.5  439.5
   61.9  19297  -72.5  -98.5      1   0.00    356      2  444.3  444.3  444.3
   58.0  19682  -71.5  -97.8      1   0.00    340     10  454.8  454.8  454.8
   56.0  19890  -71.0  -97.5      1   0.00    320     13  460.6  460.6  460.6
   53.0  20215  -70.2  -96.9      1   0.00    320     11  469.8  469.8  469.8
   51.0  20443  -69.6  -96.5      1   0.00    335     14  476.4  476.4  476.4
   50.0  20560  -69.3  -96.3      1   0.00      0     13  479.8  479.8  479.8
   49.4  20632  -68.5  -96.5      1   0.00    300     23  483.3  483.3  483.3
   49.0                                       260     29                     
Station information and sounding indices
                             Station number: 43371
                           Observation time: 230307/0000
                           Station latitude: 8.48
                          Station longitude: 76.95
                          Station elevation: 64.0
                            Showalter index: 2.96
                               Lifted index: 0.95
    LIFT computed using virtual temperature: 0.68
                                SWEAT index: 150.39
                                    K index: 14.90
                         Cross totals index: 17.70
                      Vertical totals index: 23.70
                        Totals totals index: 41.40
      Convective Available Potential Energy: 0.00
             CAPE using virtual temperature: 0.02
                      Convective Inhibition: 0.00
             CINS using virtual temperature: -124.27
 Equilibrum Level using virtual temperature: 703.98
             LFCT using virtual temperature: 709.45
                     Bulk Richardson Number: 0.00
          Bulk Richardson Number using CAPV: 0.01
  Temp [K] of the Lifted Condensation Level: 289.08
Pres [hPa] of the Lifted Condensation Level: 878.55
   Equivalent potential temp [K] of the LCL: 338.59
     Mean mixed layer potential temperature: 300.00
              Mean mixed layer mixing ratio: 13.34
              1000 hPa to 500 hPa thickness: 5748.00
Precipitable water [mm] for entire sounding: 36.22

43371 Thiruvananthapuram Observations at 00Z 08 Mar 2023
-----------------------------------------------------------------------------
   PRES   HGHT   TEMP   DWPT   RELH   MIXR   DRCT   SKNT   THTA   THTE   THTV
    hPa     m      C      C      %    g/kg    deg   knot     K      K      K 
-----------------------------------------------------------------------------
 1003.0     64   25.6   21.9     80  16.80      0      0  298.5  347.6  301.5
 1000.0     95   25.0   22.5     86  17.50     60      3  298.1  349.2  301.3
  925.0    778   22.0   17.3     75  13.62     70      7  301.8  342.2  304.3
  864.0   1367   17.6   13.5     77  11.38     98     15  303.1  337.2  305.2
  859.0   1417   17.7   12.9     74  11.00    100     16  303.7  336.7  305.7
  850.0   1507   17.8   11.8     68  10.33     95     14  304.8  336.0  306.7
  836.0   1649   18.4    8.4     52   8.34     78     12  306.9  332.4  308.4
  826.0   1752   17.7    8.2     54   8.30     65     10  307.1  332.6  308.7
  796.0   2068   15.4    7.4     59   8.18     86     10  308.0  333.2  309.5
  764.0   2416   14.8    2.8     44   6.16    108     11  311.0  330.4  312.1
  748.0   2594   13.5    3.8     52   6.74    120     11  311.5  332.7  312.7
  715.0   2973   10.8    5.8     71   8.15    106      9  312.5  338.1  314.1
  700.0   3150   10.6   -1.4     43   4.96    100      8  314.2  330.2  315.1
  698.0   3174   10.6   -3.4     37   4.28    100      8  314.4  328.4  315.3
  691.0   3257    9.9   -2.7     41   4.57    100     10  314.6  329.4  315.5
  658.0   3661    6.8    0.8     66   6.20    107     10  315.5  335.4  316.7
  641.0   3874    5.5   -0.9     63   5.64    110     10  316.4  334.6  317.5
  573.0   4783    0.0   -8.0     55   3.67     36      4  320.3  332.6  321.0
  567.0   4867    0.2  -13.8     34   2.33     29      3  321.5  329.5  321.9
  564.0   4909   -0.1  -12.6     38   2.59     25      3  321.6  330.5  322.1
  553.0   5067   -1.1   -8.1     59   3.78     10      4  322.2  334.9  323.0
  506.0   5767   -6.7  -11.6     68   3.13    304     10  323.7  334.4  324.3
  500.0   5860   -6.7  -15.7     49   2.26    295     11  324.8  332.7  325.2
  484.0   6114   -7.5  -25.5     22   1.00                326.9  330.5  327.1
Station information and sounding indices
                             Station number: 43371
                           Observation time: 230308/0000
                           Station latitude: 8.48
                          Station longitude: 76.95
                          Station elevation: 64.0
                            Showalter index: 1.91
                               Lifted index: -2.38
    LIFT computed using virtual temperature: -2.93
                                SWEAT index: 180.61
                                    K index: 24.30
                         Cross totals index: 18.50
                      Vertical totals index: 24.50
                        Totals totals index: 43.00
      Convective Available Potential Energy: 128.21
             CAPE using virtual temperature: 186.74
                      Convective Inhibition: -124.95
             CINS using virtual temperature: -24.98
                   Level of Free Convection: 665.89
             LFCT using virtual temperature: 873.75
                     Bulk Richardson Number: 84.96
          Bulk Richardson Number using CAPV: 123.74
  Temp [K] of the Lifted Condensation Level: 293.17
Pres [hPa] of the Lifted Condensation Level: 930.01
   Equivalent potential temp [K] of the LCL: 346.53
     Mean mixed layer potential temperature: 299.34
              Mean mixed layer mixing ratio: 16.18
              1000 hPa to 500 hPa thickness: 5765.00
Precipitable water [mm] for entire sounding: 42.53

43371 Thiruvananthapuram Observations at 00Z 09 Mar 2023
-----------------------------------------------------------------------------
   PRES   HGHT   TEMP   DWPT   RELH   MIXR   DRCT   SKNT   THTA   THTE   THTV
    hPa     m      C      C      %    g/kg    deg   knot     K      K      K 
-----------------------------------------------------------------------------
 1002.0     64   25.2   22.7     86  17.68      0      0  298.2  349.8  301.3
 1000.0     86   25.2   23.3     89  18.39     75      2  298.4  352.1  301.6
  980.0    265   25.8   22.3     81  17.64     88      2  300.7  352.7  303.9
  925.0    772   22.2   18.2     78  14.43    125      3  302.0  344.8  304.6
  892.0   1087   19.8   16.5     82  13.43     95     10  302.6  342.6  305.1
  882.0   1185   19.0   16.0     83  13.13     95     10  302.8  341.9  305.2
  871.0   1293   19.2   14.5     74  12.06     95     10  304.1  340.3  306.4
  863.0   1372   19.4   13.4     68  11.32     84      9  305.1  339.3  307.2
  850.0   1503   18.6   11.6     64  10.19     65      8  305.6  336.5  307.5
  801.0   2010   14.8   10.2     74   9.85     18      2  306.8  336.8  308.6
  783.0   2202   14.3    8.1     67   8.75      0      0  308.2  335.1  309.9
  740.0   2679   13.0    3.0     51   6.46     55      4  311.9  332.2  313.1
  700.0   3143    9.6    0.6     53   5.74    110      8  313.1  331.4  314.2
  689.0   3274    8.7    0.3     56   5.72    130     12  313.5  331.8  314.6
  667.0   3542    6.8   -0.2     61   5.69    124     14  314.3  332.5  315.4
  639.0   3893    5.8   -3.4     51   4.67    115     16  317.1  332.3  317.9
  606.0   4327    4.6   -7.4     41   3.64    108     12  320.5  332.7  321.2
  594.0   4488    3.4   -8.8     41   3.33    105     11  320.9  332.1  321.5
  531.0   5387   -3.5  -16.5     36   1.99                323.1  330.1  323.5
Station information and sounding indices
                             Station number: 43371
                           Observation time: 230309/0000
                           Station latitude: 8.48
                          Station longitude: 76.95
                          Station elevation: 64.0
                               Lifted index: -3.97
    LIFT computed using virtual temperature: -4.64
      Convective Available Potential Energy: 154.54
             CAPE using virtual temperature: 278.12
                      Convective Inhibition: -17.10
             CINS using virtual temperature: -9.82
                   Level of Free Convection: 886.46
             LFCT using virtual temperature: 900.42
  Temp [K] of the Lifted Condensation Level: 294.15
Pres [hPa] of the Lifted Condensation Level: 929.27
   Equivalent potential temp [K] of the LCL: 350.92
     Mean mixed layer potential temperature: 300.40
              Mean mixed layer mixing ratio: 17.21
Precipitable water [mm] for entire sounding: 42.34
43371 Thiruvananthapuram Observations at 00Z 10 Mar 2023
-----------------------------------------------------------------------------
   PRES   HGHT   TEMP   DWPT   RELH   MIXR   DRCT   SKNT   THTA   THTE   THTV
    hPa     m      C      C      %    g/kg    deg   knot     K      K      K 
-----------------------------------------------------------------------------
 1003.0     64   25.0   23.6     92  18.68      0      0  297.9  352.3  301.2
 1002.0     74   24.8   22.7     88  17.68     43      2  297.8  349.3  300.9
 1000.0     94   25.0   22.7     87  17.72    130      5  298.1  349.8  301.3
  991.0    174   26.6   18.6     61  13.80    125      6  300.5  341.2  303.0
  925.0    780   23.0   13.0     53  10.27     90     12  302.8  333.6  304.7
  919.0    836   22.7   12.4     52   9.97     95     13  303.1  333.0  304.9
  897.0   1046   21.5   10.4     49   8.89    105     14  303.9  330.8  305.5
  882.0   1192   20.6    8.9     47   8.20     90     16  304.5  329.4  306.0
  859.0   1421   19.3    6.7     44   7.21     95     10  305.4  327.6  306.8
  850.0   1512   18.8    5.8     43   6.85     85      7  305.8  326.9  307.1
  834.0   1675   17.6    7.1     50   7.66     40      3  306.2  329.8  307.7
  831.0   1706   17.4    7.4     52   7.83     40      3  306.3  330.3  307.8
  821.0   1809   18.0    2.0     34   5.41     41      3  308.0  325.0  309.0
  712.0   3010   10.0   -9.0     25   2.73     49      6  312.0  321.0  312.5
  700.0   3151    8.8   -9.2     27   2.73     50      6  312.2  321.2  312.7
  640.0   3887    3.8   -8.2     41   3.24     86     10  314.6  325.3  315.2
  628.0   4041    2.8   -2.2     70   5.21     94     11  315.2  332.0  316.2
  589.0   4558   -0.4   -7.3     60   3.77    120     14  317.2  329.7  318.0
  586.0   4600   -0.7   -7.7     59   3.67    117     14  317.4  329.6  318.1
  577.0   4724    0.8  -14.2     32   2.22    109     12  320.6  328.2  321.0
  512.0   5674   -5.7  -22.7     25   1.21     42      2  323.8  328.2  324.1
  510.0   5705   -6.0  -22.1     27   1.28     40      2  323.9  328.5  324.1
  500.0   5860   -7.3  -19.3     38   1.67    355      5  324.1  330.0  324.4
  496.0   5922   -7.7  -16.7     48   2.10    345      7  324.3  331.7  324.7
  490.0   6017   -8.2  -19.6     39   1.66    330     10  324.8  330.7  325.1
  481.0   6160   -9.1  -24.1     29   1.14    325     15  325.5  329.6  325.7
  479.0   6192   -9.3  -18.3     48   1.90    324     16  325.6  332.3  326.0
  475.0   6257   -9.3  -28.3     20   0.79    322     18  326.4  329.3  326.5
  472.0   6306   -9.7  -25.3     27   1.04    320     20  326.5  330.3  326.7
  467.0   6388  -10.3  -20.3     44   1.64    317     20  326.7  332.6  327.1
  461.0   6487  -10.5  -25.5     28   1.05    314     21  327.7  331.6  327.9
  429.0   7035  -14.7  -20.7     60   1.72    294     22  329.1  335.4  329.5
  414.0   7303  -16.1  -28.1     35   0.92    284     23  330.7  334.2  330.9
  402.0   7523  -17.9  -24.9     54   1.27    276     24  331.2  335.9  331.4
  400.0   7560  -17.7  -22.7     65   1.55    275     24  331.9  337.6  332.2
  398.0   7598  -17.5  -22.5     65   1.59    275     25  332.6  338.4  332.9
  394.0   7674  -17.5  -27.5     41   1.02    275     27  333.6  337.4  333.8
  389.0   7769  -18.1  -30.1     34   0.81    275     29  334.0  337.1  334.2
  354.0   8472  -22.5  -49.5      7   0.12    255     29  337.2  337.7  337.2
  329.0   9007  -26.5  -47.5     12   0.16    240     29  338.9  339.5  338.9
  300.0   9670  -31.9  -36.3     65   0.57    220     29  340.3  342.6  340.4
  297.0   9739  -32.5  -37.0     64   0.54    215     29  340.4  342.6  340.6
  250.0  10930  -42.5  -49.5     46   0.17    250     28  342.7  343.5  342.8
  241.0  11172  -44.7  -51.7     45   0.13    255     27  343.1  343.6  343.1
  203.0  12304  -55.0  -62.0     41   0.04    270     35  344.0  344.2  344.1
  202.0  12336  -55.3  -62.3     41   0.04    270     35  344.1  344.3  344.1
  200.0  12400  -55.7  -62.7     41   0.04    270     36  344.4  344.6  344.4
  189.0  12758  -56.5  -66.4     28   0.03    295     44  348.7  348.8  348.7
  174.0  13283  -57.7  -71.7     15   0.01    282     40  355.1  355.1  355.1
  150.0  14200  -66.3  -79.3     15   0.00    260     33  355.7  355.7  355.7
  143.0  14487  -68.8  -81.0     16   0.00    255     34  356.3  356.3  356.3
  141.0  14572  -69.5  -81.5     16   0.00    260     33  356.4  356.4  356.4
  125.0  15281  -72.6  -87.2     10   0.00    300     25  363.3  363.3  363.3
  117.0  15671  -74.3  -90.3      7   0.00                367.1  367.1  367.1
Station information and sounding indices
                             Station number: 43371
                           Observation time: 230310/0000
                           Station latitude: 8.48
                          Station longitude: 76.95
                          Station elevation: 64.0
                            Showalter index: 5.55
                               Lifted index: -0.40
    LIFT computed using virtual temperature: -0.87
                                SWEAT index: 88.58
                                    K index: 13.90
                         Cross totals index: 13.10
                      Vertical totals index: 26.10
                        Totals totals index: 39.20
      Convective Available Potential Energy: 22.78
             CAPE using virtual temperature: 72.92
                      Convective Inhibition: -273.15
             CINS using virtual temperature: -172.04
                           Equilibrum Level: 401.13
 Equilibrum Level using virtual temperature: 400.53
                   Level of Free Convection: 643.85
             LFCT using virtual temperature: 691.71
                     Bulk Richardson Number: 22.21
          Bulk Richardson Number using CAPV: 71.11
  Temp [K] of the Lifted Condensation Level: 289.12
Pres [hPa] of the Lifted Condensation Level: 871.10
   Equivalent potential temp [K] of the LCL: 339.92
     Mean mixed layer potential temperature: 300.77
              Mean mixed layer mixing ratio: 13.42
              1000 hPa to 500 hPa thickness: 5766.00
Precipitable water [mm] for entire sounding: 31.46